_C_a6b5_5a7cd58d_76 94 0 20 0 0 75 
_C_a6b5_5a7cd58d_77 94 0 20 0 0 76 
_C_a6b5_5a7cd58d_78 94 0 20 0 0 77 
_C_a6b5_5a7cd58d_71 94 0 20 0 0 70 
_C_a6b5_5a7cd58d_72 94 0 20 0 0 71 
_C_a6b5_5a7cd58d_73 94 0 20 0 0 72 
_C_141e9_5a7cdf3e_1 8c 0 2e0 0 0 3d3d3d0a 0 3d3d3d3d 0 3d3d3d3d 0 3d3d3d3d 0 3d3d3d3d 0 3d3d3d3d 0 3d3d3d3d 0 3d3d3d3d 0 3d3d3d3d 0 69657320 0 656e7472 0 49464f20 0 6e672046 0 72697469 0 3d3d2057 0 3d3d3d3d 0 3d3d3d3d 0 3d3d3d3d 0 3d3d3d3d 0 3d3d3d3d 0 3d3d3d3d 0 3d3d3d3d 0 3d3d3d3d 
_C_a6b5_5a7cd58d_74 94 0 20 0 0 73 
_C_a6b5_5a7cd58d_7d 94 0 20 0 0 7c 
_C_a6b5_5a7cd58d_7e 94 0 20 0 0 7d 
_C_a6b5_5a7cd58d_7f 94 0 20 0 0 7e 
_C_a6b5_5a7cd58d_80 94 0 20 0 0 7f 
_C_a6b5_5a7cd58d_79 94 0 20 0 0 78 
_C_a6b5_5a7cd58d_7a 94 0 20 0 0 79 
_C_a6b5_5a7cd58d_7b 94 0 20 0 0 7a 
_C_a6b5_5a7cd58d_7c 94 0 20 0 0 7b 
_C_a6b5_5a7cd58d_65 94 0 20 0 0 64 
_C_a6b5_5a7cd58d_66 94 0 20 0 0 65 
_C_c7ac_5a7cd9ac_3 84 0 55 0 0 0 0 0 0 0 
_C_a6b5_5a7cd58d_67 94 0 20 0 0 66 
_C_a6b5_5a7cd58d_68 94 0 20 0 0 67 
_C_a6b5_5a7cd58d_61 94 0 20 0 0 60 
_C_a6b5_5a7cd58d_62 94 0 20 0 0 61 
_C_a6b5_5a7cd58d_63 94 0 20 0 0 62 
_C_a6b5_5a7cd58d_64 94 0 20 0 0 63 
_C_a6b5_5a7cd58d_6d 94 0 20 0 0 6c 
_C_a6b5_5a7cd58d_6e 94 0 20 0 0 6d 
_C_a6b5_5a7cd58d_6f 94 0 20 0 0 6e 
_C_a6b5_5a7cd58d_70 94 0 20 0 0 6f 
_C_a6b5_5a7cd58d_69 94 0 20 0 0 68 
_C_a6b5_5a7cd58d_6a 94 0 20 0 0 69 
_C_a6b5_5a7cd58d_6b 94 0 20 0 0 6a 
_C_a6b5_5a7cd58d_6c 94 0 20 0 0 6b 
_C_a6b5_5a7cd58d_55 94 0 20 0 0 54 
_C_a6b5_5a7cd58d_56 94 0 20 0 0 55 
_C_a6b5_5a7cd58d_57 94 0 20 0 0 56 
_C_a6b5_5a7cd58d_58 94 0 20 0 0 57 
_C_a6b5_5a7cd58d_51 94 0 20 0 0 50 
_C_a6b5_5a7cd58d_52 94 0 20 0 0 51 
_C_a6b5_5a7cd58d_53 94 0 20 0 0 52 
_C_a6b5_5a7cd58d_54 94 0 20 0 0 53 
_C_a6b5_5a7cd58d_5d 94 0 20 0 0 5c 
_C_a6b5_5a7cd58d_5e 94 0 20 0 0 5d 
_C_a6b5_5a7cd58d_5f 94 0 20 0 0 5e 
_C_a6b5_5a7cd58d_60 94 0 20 0 0 5f 
_C_a6b5_5a7cd58d_59 94 0 20 0 0 58 
_C_a6b5_5a7cd58d_5a 94 0 20 0 0 59 
_C_a6b5_5a7cd58d_5b 94 0 20 0 0 5a 
_C_a6b5_5a7cd58d_5c 94 0 20 0 0 5b 
_C_a6b5_5a7cd58d_45 94 0 20 0 0 44 
_C_a6b5_5a7cd58d_46 94 0 20 0 0 45 
_C_a6b5_5a7cd58d_47 94 0 20 0 0 46 
_C_a6b5_5a7cd58d_48 94 0 20 0 0 47 
_C_a6b5_5a7cd58d_41 94 0 20 0 0 40 
_C_a6b5_5a7cd58d_42 94 0 20 0 0 41 
_C_a6b5_5a7cd58d_43 94 0 20 0 0 42 
_C_a6b5_5a7cd58d_44 94 0 20 0 0 43 
_C_a6b5_5a7cd58d_4d 94 0 20 0 0 4c 
_C_a6b5_5a7cd58d_4e 94 0 20 0 0 4d 
_C_a6b5_5a7cd58d_4f 94 0 20 0 0 4e 
_C_a6b5_5a7cd58d_50 94 0 20 0 0 4f 
_C_a6b5_5a7cd58d_49 94 0 20 0 0 48 
_C_a6b5_5a7cd58d_4a 94 0 20 0 0 49 
_C_a6b5_5a7cd58d_4b 94 0 20 0 0 4a 
_C_a6b5_5a7cd58d_4c 94 0 20 0 0 4b 
_C_c7ac_5a7cd9ac_1 8c 0 2f8 0 0 3d3d3d0a 0 3d3d3d3d 0 3d3d3d3d 0 3d3d3d3d 0 3d3d3d3d 0 3d3d3d3d 0 3d3d3d3d 0 3d3d3d3d 0 3d3d3d3d 0 54657374 0 6c6f7720 0 76657266 0 6c65204f 0 20546162 0 57617270 0 3d3d3d3d 0 3d3d3d3d 0 3d3d3d3d 0 3d3d3d3d 0 3d3d3d3d 0 3d3d3d3d 0 3d3d3d3d 0 3d3d3d3d 0 3d3d3d 
_C_136ae_5a7e2c1e_1 8c 0 118 0 0 2e2e2e0a 0 49464f73 0 68652046 0 6f6d2074 0 67206672 0 6164696e 0 6e207265 0 6f722069 0 457272 
_C_bf17_5a7cd8a5_2 8c 0 78 0 0 6561640a 0 63742072 0 6f727265 0 496e63 
_C_141e9_5a7cdf3e_4 8c 0 158 0 0 2025640a 0 74696f6e 0 4c6f6361 0 2e2e2e20 0 6e616c2e 0 20736967 0 616c6964 0 61642076 0 6e207265 0 6f722069 0 457272 
_C_141e9_5a7cdf3e_2 8c 0 168 0 0 6174610a 0 65772064 0 7465206e 0 20777269 0 6e6e6f74 0 2c206361 0 66756c6c 0 61726520 0 69657320 0 656e7472 0 49464f20 0 46 
_C_141e9_5a7cdf3e_5 8c 0 168 0 0 6174610a 0 65772064 0 7465206e 0 20777269 0 2063616e 0 7074792c 0 7920656d 0 6574656c 0 6f6d706c 0 69732063 0 49464f20 0 46 
_C_141e9_5a7cdf3e_3 8c 0 180 0 0 2025640a 0 74696f6e 0 4c6f6361 0 2e2e2e20 0 464f732e 0 65204649 0 6d207468 0 2066726f 0 64696e67 0 20726561 0 7220696e 0 4572726f 
_C_bf17_5a7cd8a5_1 8c 0 318 0 0 3d3d3d0a 0 3d3d3d3d 0 3d3d3d3d 0 3d3d3d3d 0 3d3d3d3d 0 3d3d3d3d 0 3d3d3d3d 0 3d3d3d3d 0 3d3d3d3d 0 74657374 0 65636b20 0 79206368 0 616e6974 0 6c652073 0 20546162 0 57617270 0 3d3d3d3d 0 3d3d3d3d 0 3d3d3d3d 0 3d3d3d3d 0 3d3d3d3d 0 3d3d3d3d 0 3d3d3d3d 0 3d3d3d3d 0 3d3d3d 
_C_a6b5_5a7cd58d_35 94 0 20 0 0 34 
_C_a6b5_5a7cd58d_36 94 0 20 0 0 35 
_C_a6b5_5a7cd58d_37 94 0 20 0 0 36 
_C_a6b5_5a7cd58d_38 94 0 20 0 0 37 
_C_a6b5_5a7cd58d_31 94 0 20 0 0 30 
_C_a6b5_5a7cd58d_32 94 0 20 0 0 31 
_C_a6b5_5a7cd58d_33 94 0 20 0 0 32 
_C_a6b5_5a7cd58d_34 94 0 20 0 0 33 
_C_a6b5_5a7cd58d_3d 94 0 20 0 0 3c 
_C_a6b5_5a7cd58d_3e 94 0 20 0 0 3d 
_C_a6b5_5a7cd58d_3f 94 0 20 0 0 3e 
_C_a6b5_5a7cd58d_40 94 0 20 0 0 3f 
_C_a6b5_5a7cd58d_39 94 0 20 0 0 38 
_C_a6b5_5a7cd58d_3a 94 0 20 0 0 39 
_C_a6b5_5a7cd58d_3b 94 0 20 0 0 3a 
_C_a6b5_5a7cd58d_3c 94 0 20 0 0 3b 
_C_a6b5_5a7cd58d_26 94 0 20 0 0 24 
_C_a6b5_5a7cd58d_27 94 0 20 0 0 25 
_C_a6b5_5a7cd58d_28 94 0 20 0 0 26 
_C_a6b5_5a7cd58d_29 94 0 20 0 0 27 
_C_a6b5_5a7cd58d_22 94 0 20 0 0 20 
_C_a6b5_5a7cd58d_23 94 0 20 0 0 21 
_C_a6b5_5a7cd58d_24 94 0 20 0 0 22 
_C_a6b5_5a7cd58d_25 94 0 20 0 0 23 
_C_a6b5_5a7cd58d_2d 94 0 20 0 0 2c 
_C_a6b5_5a7cd58d_2e 94 0 20 0 0 2d 
_C_a6b5_5a7cd58d_2f 94 0 20 0 0 2e 
_C_a6b5_5a7cd58d_30 94 0 20 0 0 2f 
_C_a6b5_5a7cd58d_2a 94 0 20 0 0 28 
_C_136ae_5a7e2c1e_2 8c 0 f0 0 0 2e2e2e0a 0 676e616c 0 64207369 0 76616c69 0 65616420 0 696e2072 0 726f7220 0 4572 
_C_a6b5_5a7cd58d_2b 94 0 20 0 0 29 
_C_131d0_5a7e29bf_1 8c 0 c8 0 0 6174680a 0 73732070 0 62797061 0 74686520 0 20696e20 0 72726f72 0 45 
_C_a6b5_5a7cd58d_2c 94 0 20 0 0 2a 
_C_11a20_5a7ba388_1 94 0 20 0 0 2b 
_C_a6b5_5a7cd58d_16 94 0 20 0 0 14 
_C_a6b5_5a7cd58d_17 94 0 20 0 0 15 
_C_a6b5_5a7cd58d_18 94 0 20 0 0 16 
_C_a6b5_5a7cd58d_19 94 0 20 0 0 17 
_C_a6b5_5a7cd58d_12 94 0 20 0 0 10 
_C_a6b5_5a7cd58d_13 94 0 20 0 0 11 
_C_a6b5_5a7cd58d_14 94 0 20 0 0 12 
_C_a6b5_5a7cd58d_15 94 0 20 0 0 13 
_C_1186a_5a7ba354_1 84 0 2c 0 0 0 0 0 
_C_a6b5_5a7cd58d_1e 94 0 20 0 0 1c 
_C_a6b5_5a7cd58d_1f 94 0 20 0 0 1d 
_C_a6b5_5a7cd58d_20 94 0 20 0 0 1e 
_C_a6b5_5a7cd58d_21 94 0 20 0 0 1f 
_C_a6b5_5a7cd58d_1a 94 0 20 0 0 18 
_C_a6b5_5a7cd58d_1b 94 0 20 0 0 19 
_C_a6b5_5a7cd58d_1c 94 0 20 0 0 1a 
_C_a6b5_5a7cd58d_1d 94 0 20 0 0 1b 
_C_a6b5_5a7cd58d_6 94 0 20 0 0 4 
_C_a6b5_5a7cd58d_7 94 0 20 0 0 5 
_C_a6b5_5a7cd58d_8 94 0 20 0 0 6 
_C_a6b5_5a7cd58d_9 94 0 20 0 0 7 
_C_a6b5_5a7cd58d_2 94 0 20 0 0 0 
_C_a6b5_5a7cd58d_3 94 0 20 0 0 1 
_C_a6b5_5a7cd58d_4 94 0 20 0 0 2 
_C_a6b5_5a7cd58d_5 94 0 20 0 0 3 
_C_a6b5_5a7cd58d_e 94 0 20 0 0 c 
_C_a6b5_5a7cd58d_f 94 0 20 0 0 d 
_C_a6b5_5a7cd58d_10 94 0 20 0 0 e 
_C_a6b5_5a7cd58d_11 94 0 20 0 0 f 
_C_a6b5_5a7cd58d_a 94 0 20 0 0 8 
_C_a6b5_5a7cd58d_b 94 0 20 0 0 9 
_C_a6b5_5a7cd58d_c 94 0 20 0 0 a 
_C_a6b5_5a7cd58d_d 94 0 20 0 0 b 
_C_a6b5_5a7cd58d_75 94 0 20 0 0 74 
