_C_420d_5a74d95f_1 84 0 40 0 0 0 0 0 
_C_4093_5a74d95d_3 8c 0 338 0 0 2568200a 0 20697320 0 616c7565 0 616c2076 0 41637475 0 616e6420 0 20256820 0 65206973 0 76616c75 0 74656420 0 78706563 0 642c2045 0 6e652025 0 66204c61 0 2564206f 0 62657220 0 206e756d 0 706f7274 0 75676820 0 7468726f 0 65616420 0 65722072 0 67697374 0 6e207265 0 6f722069 0 457272 
_C_4093_5a74d95d_4 8c 0 110 0 0 2025680a 0 6464723a 0 642c2041 0 65722025 0 67697374 0 72205265 0 6720666f 0 7374696e 0 5465 
_C_4093_5a74d95d_2 8c 0 c8 0 0 2025640a 0 57617270 0 666f7220 0 6c656420 0 20466169 0 6865636b 0 43 
_C_4093_5a74d95d_5 8c 0 370 0 0 3d3d3d0a 0 3d3d3d3d 0 3d3d3d3d 0 3d3d3d3d 0 3d3d3d3d 0 3d3d3d3d 0 3d3d3d3d 0 3d3d3d3d 0 3d3d3d3d 0 3d3d3d3d 0 3d3d3d3d 0 3d3d3d3d 0 3d3d3d3d 0 2564203d 0 6d203a20 0 50204e75 0 20574152 0 3d3d3d3d 0 3d3d3d3d 0 3d3d3d3d 0 3d3d3d3d 0 3d3d3d3d 0 3d3d3d3d 0 3d3d3d3d 0 3d3d3d3d 0 3d3d3d3d 0 3d3d3d3d 0 203d 
_C_fcdb_5ae23256_14 94 0 20 0 0 14 
_C_fcdb_5ae23256_15 94 0 20 0 0 15 
_C_fcdb_5ae23256_16 94 0 20 0 0 16 
_C_fcdb_5ae23256_17 94 0 20 0 0 17 
_C_fcdb_5ae23256_21 84 0 20 0 0 0 
_C_4093_5a74d95d_1 94 0 20 0 0 10 
_C_fcdb_5ae23256_11 94 0 20 0 0 11 
_C_fcdb_5ae23256_12 94 0 20 0 0 12 
_C_fcdb_5ae23256_13 94 0 20 0 0 13 
_C_fcdb_5ae23256_1c 94 0 20 0 0 1c 
_C_fcdb_5ae23256_1d 94 0 20 0 0 1d 
_C_fcdb_5ae23256_1e 94 0 20 0 0 1e 
_C_fcdb_5ae23256_1f 94 0 20 0 0 1f 
_C_fcdb_5ae23256_18 94 0 20 0 0 18 
_C_fcdb_5ae23256_19 94 0 20 0 0 19 
_C_fcdb_5ae23256_1a 94 0 20 0 0 1a 
_C_fcdb_5ae23256_1b 94 0 20 0 0 1b 
_C_fcdb_5ae23256_5 94 0 20 0 0 4 
_C_fcdb_5ae23256_6 94 0 20 0 0 5 
_C_fcdb_5ae23256_7 94 0 20 0 0 6 
_C_fcdb_5ae23256_8 94 0 20 0 0 7 
_C_fcdb_5ae23256_1 94 0 20 0 0 0 
_C_fcdb_5ae23256_2 94 0 20 0 0 1 
_C_fcdb_5ae23256_3 94 0 20 0 0 2 
_C_fcdb_5ae23256_4 94 0 20 0 0 3 
_C_fcdb_5ae23256_d 94 0 20 0 0 c 
_C_fcdb_5ae23256_e 94 0 20 0 0 d 
_C_fcdb_5ae23256_f 94 0 20 0 0 e 
_C_fcdb_5ae23256_10 94 0 20 0 0 f 
_C_fcdb_5ae23256_9 94 0 20 0 0 8 
_C_fcdb_5ae23256_a 94 0 20 0 0 9 
_C_fcdb_5ae23256_b 94 0 20 0 0 a 
_C_fcdb_5ae23256_c 94 0 20 0 0 b 
