_C_110f0_5a71d669_1 84 0 40 0 0 0 0 0 
_C_a347_5a71d1d4_4 8c 0 360 0 0 3d3d3d0a 0 3d3d3d3d 0 3d3d3d3d 0 3d3d3d3d 0 3d3d3d3d 0 203d3d3d 0 73736564 0 74205061 0 20546573 0 6f6e653a 0 72732044 0 69737465 0 20726567 0 20616c6c 0 65206f66 0 76616c75 0 756c7420 0 64656661 0 74686520 0 696e6720 0 54657374 0 3d3d3d3d 0 3d3d3d3d 0 3d3d3d3d 0 3d3d3d3d 0 3d3d3d3d 0 3d3d3d3d 
_C_abc5_5a71d1e0_4 8c 0 110 0 0 2025680a 0 6464723a 0 642c2041 0 65722025 0 67697374 0 72205265 0 6720666f 0 7374696e 0 5465 
_C_abc5_5a71d1e0_3 8c 0 4a0 0 0 2025680a 0 65206973 0 56616c75 0 75616c20 0 20416374 0 2025682c 0 31206973 0 6174615f 0 66207264 0 7565206f 0 2056616c 0 63746564 0 45787065 0 680a2020 0 69732025 0 6c756520 0 6c205661 0 63747561 0 682c2041 0 69732025 0 615f3020 0 72646174 0 206f6620 0 616c7565 0 65642056 0 70656374 0 a204578 0 7366756c 0 63636573 0 74207375 0 31206e6f 0 616e6420 0 74203020 0 20506f72 0 6f756768 0 20746872 0 52656164 
_C_a677_5a71d1d8_1 8c 0 390 0 0 3d3d3d0a 0 3d3d3d3d 0 3d3d3d3d 0 3d3d3d3d 0 3d3d3d3d 0 203d3d3d 0 73203634 0 72732069 0 69737465 0 20526567 0 6d206f66 0 3a204e75 0 74657273 0 65676973 0 6c6c2072 0 6f662061 0 6c756520 0 74207661 0 6661756c 0 65206465 0 67207468 0 7374696e 0 3d3d5465 0 3d3d3d3d 0 3d3d3d3d 0 3d3d3d3d 0 3d3d3d3d 0 3d3d3d3d 0 3d3d 
_C_a347_5a71d1d4_1 8c 0 390 0 0 3d3d3d0a 0 3d3d3d3d 0 3d3d3d3d 0 3d3d3d3d 0 3d3d3d3d 0 203d3d3d 0 73203136 0 72732069 0 69737465 0 20526567 0 6d206f66 0 3a204e75 0 74657273 0 65676973 0 6c6c2072 0 6f662061 0 6c756520 0 74207661 0 6661756c 0 65206465 0 67207468 0 7374696e 0 3d3d5465 0 3d3d3d3d 0 3d3d3d3d 0 3d3d3d3d 0 3d3d3d3d 0 3d3d3d3d 0 3d3d 
_C_abc5_5a71d1e0_1 8c 0 2c0 0 0 2025680a 0 65206973 0 56616c75 0 75616c20 0 20416374 0 2025682c 0 30206973 0 6174615f 0 66207264 0 7565206f 0 2056616c 0 63746564 0 45787065 0 756c0a20 0 65737366 0 73756363 0 6e6f7420 0 74203020 0 20506f72 0 6f756768 0 20746872 0 52656164 
_C_abc5_5a71d1e0_5 8c 0 2f0 0 0 3d3d3d0a 0 3d3d3d3d 0 3d3d3d3d 0 3d3d3d3d 0 3d3d3d3d 0 203d3d3d 0 74657374 0 61636b20 0 6e672062 0 65616469 0 6e642072 0 65722061 0 67697374 0 68207265 0 20656163 0 6720746f 0 6974696e 0 3d205772 0 3d3d3d3d 0 3d3d3d3d 0 3d3d3d3d 0 3d3d3d3d 0 3d3d3d3d 0 3d3d 
_C_a347_5a71d1d4_2 8c 0 138 0 0 72656374 0 20636f72 0 64206973 0 65722025 0 67697374 0 66205265 0 7565206f 0 2076616c 0 61756c74 0 446566 
_C_a677_5a71d1d8_16 94 0 20 0 0 34 
_C_a677_5a71d1d8_17 94 0 20 0 0 35 
_C_a677_5a71d1d8_18 94 0 20 0 0 36 
_C_a677_5a71d1d8_19 94 0 20 0 0 37 
_C_a677_5a71d1d8_12 94 0 20 0 0 30 
_C_a677_5a71d1d8_13 94 0 20 0 0 31 
_C_a677_5a71d1d8_14 94 0 20 0 0 32 
_C_a677_5a71d1d8_15 94 0 20 0 0 33 
_C_a677_5a71d1d8_1e 94 0 20 0 0 3c 
_C_a677_5a71d1d8_1f 94 0 20 0 0 3d 
_C_a677_5a71d1d8_20 94 0 20 0 0 3e 
_C_a677_5a71d1d8_21 94 0 20 0 0 3f 
_C_a677_5a71d1d8_1a 94 0 20 0 0 38 
_C_a677_5a71d1d8_1b 94 0 20 0 0 39 
_C_abc5_5a71d1e0_2 8c 0 2c0 0 0 2025680a 0 65206973 0 56616c75 0 75616c20 0 20416374 0 2025682c 0 31206973 0 6174615f 0 66207264 0 7565206f 0 2056616c 0 63746564 0 45787065 0 756c0a20 0 65737366 0 73756363 0 6e6f7420 0 74203120 0 20506f72 0 6f756768 0 20746872 0 52656164 
_C_a677_5a71d1d8_1c 94 0 20 0 0 3a 
_C_a677_5a71d1d8_1d 94 0 20 0 0 3b 
_C_a677_5a71d1d8_6 94 0 20 0 0 24 
_C_a677_5a71d1d8_7 94 0 20 0 0 25 
_C_a677_5a71d1d8_8 94 0 20 0 0 26 
_C_a677_5a71d1d8_9 94 0 20 0 0 27 
_C_a677_5a71d1d8_2 94 0 20 0 0 20 
_C_a49d_5a71d1d6_1 8c 0 390 0 0 3d3d3d0a 0 3d3d3d3d 0 3d3d3d3d 0 3d3d3d3d 0 3d3d3d3d 0 203d3d3d 0 73203332 0 72732069 0 69737465 0 20526567 0 6d206f66 0 3a204e75 0 74657273 0 65676973 0 6c6c2072 0 6f662061 0 6c756520 0 74207661 0 6661756c 0 65206465 0 67207468 0 7374696e 0 3d3d5465 0 3d3d3d3d 0 3d3d3d3d 0 3d3d3d3d 0 3d3d3d3d 0 3d3d3d3d 0 3d3d 
_C_a677_5a71d1d8_3 94 0 20 0 0 21 
_C_a677_5a71d1d8_4 94 0 20 0 0 22 
_C_a677_5a71d1d8_5 94 0 20 0 0 23 
_C_a677_5a71d1d8_e 94 0 20 0 0 2c 
_C_a677_5a71d1d8_f 94 0 20 0 0 2d 
_C_a677_5a71d1d8_10 94 0 20 0 0 2e 
_C_a677_5a71d1d8_11 94 0 20 0 0 2f 
_C_a677_5a71d1d8_a 94 0 20 0 0 28 
_C_a677_5a71d1d8_b 94 0 20 0 0 29 
_C_a677_5a71d1d8_c 94 0 20 0 0 2a 
_C_a677_5a71d1d8_d 94 0 20 0 0 2b 
_C_a49d_5a71d1d6_5 94 0 20 0 0 14 
_C_a49d_5a71d1d6_6 94 0 20 0 0 15 
_C_a49d_5a71d1d6_7 94 0 20 0 0 16 
_C_a49d_5a71d1d6_8 94 0 20 0 0 17 
_C_a347_5a71d1d4_5 94 0 20 0 0 10 
_C_a49d_5a71d1d6_2 94 0 20 0 0 11 
_C_a49d_5a71d1d6_3 94 0 20 0 0 12 
_C_a49d_5a71d1d6_4 94 0 20 0 0 13 
_C_a49d_5a71d1d6_d 94 0 20 0 0 1c 
_C_a49d_5a71d1d6_e 94 0 20 0 0 1d 
_C_a49d_5a71d1d6_f 94 0 20 0 0 1e 
_C_a49d_5a71d1d6_10 94 0 20 0 0 1f 
_C_a49d_5a71d1d6_9 94 0 20 0 0 18 
_C_a49d_5a71d1d6_a 94 0 20 0 0 19 
_C_a49d_5a71d1d6_b 94 0 20 0 0 1a 
_C_a49d_5a71d1d6_c 94 0 20 0 0 1b 
_C_a347_5a71d1d4_3 8c 0 148 0 0 72656374 0 6e636f72 0 69732069 0 20256420 0 73746572 0 52656769 0 206f6620 0 616c7565 0 6c742076 0 65666175 0 44 
