_C_f9fa_5a74ea86_2 8c 0 338 0 0 2568200a 0 20697320 0 616c7565 0 616c2076 0 41637475 0 616e6420 0 20256820 0 65206973 0 76616c75 0 74656420 0 78706563 0 642c2045 0 6e652025 0 66204c61 0 2564206f 0 62657220 0 206e756d 0 706f7274 0 75676820 0 7468726f 0 65616420 0 65722072 0 67697374 0 6e207265 0 6f722069 0 457272 
_C_f9fa_5a74ea86_3 8c 0 110 0 0 2025680a 0 6464723a 0 642c2041 0 65722025 0 67697374 0 72205265 0 6720666f 0 7374696e 0 5465 
_C_f9fa_5a74ea86_1 8c 0 c8 0 0 2025640a 0 57617270 0 666f7220 0 6c656420 0 20466169 0 6865636b 0 43 
_C_f9fa_5a74ea86_4 8c 0 370 0 0 3d3d3d0a 0 3d3d3d3d 0 3d3d3d3d 0 3d3d3d3d 0 3d3d3d3d 0 3d3d3d3d 0 3d3d3d3d 0 3d3d3d3d 0 3d3d3d3d 0 3d3d3d3d 0 3d3d3d3d 0 3d3d3d3d 0 3d3d3d3d 0 2564203d 0 6d203a20 0 50204e75 0 20574152 0 3d3d3d3d 0 3d3d3d3d 0 3d3d3d3d 0 3d3d3d3d 0 3d3d3d3d 0 3d3d3d3d 0 3d3d3d3d 0 3d3d3d3d 0 3d3d3d3d 0 3d3d3d3d 0 203d 
_C_c772_5a74e633_1 94 0 20 0 0 10 
_C_101dd_5a74eb64_5 94 0 20 0 0 4 
_C_101dd_5a74eb64_6 94 0 20 0 0 5 
_C_101dd_5a74eb64_7 94 0 20 0 0 6 
_C_101dd_5a74eb64_8 94 0 20 0 0 7 
_C_101dd_5a74eb64_1 94 0 20 0 0 0 
_C_101dd_5a74eb64_2 94 0 20 0 0 1 
_C_101dd_5a74eb64_3 94 0 20 0 0 2 
_C_101dd_5a74eb64_4 94 0 20 0 0 3 
_C_101dd_5a74eb64_d 94 0 20 0 0 c 
_C_101dd_5a74eb64_e 94 0 20 0 0 d 
_C_101dd_5a74eb64_f 94 0 20 0 0 e 
_C_101dd_5a74eb64_10 94 0 20 0 0 f 
_C_101dd_5a74eb64_9 94 0 20 0 0 8 
_C_101dd_5a74eb64_a 94 0 20 0 0 9 
_C_101dd_5a74eb64_b 94 0 20 0 0 a 
_C_101dd_5a74eb64_c 94 0 20 0 0 b 
